999
1499
306
0 1094
1 968
3 221
11 601
13 324
18 280
18 1037
20 1199
25 1060
26 210
26 673
29 1316
30 1397
30 1496
34 456
34 1083
37 762
39 428
46 770
48 194
53 847
54 73
59 934
61 433
65 594
70 422
73 110
74 843
76 291
77 95
79 1040
84 378
86 1438
91 136
99 1330
100 1351
101 854
105 1326
105 1418
110 788
112 46
114 1293
122 591
122 840
125 382
125 600
128 197
138 978
138 1079
143 175
143 800
147 1177
149 981
154 1240
155 1199
158 233
159 772
160 491
169 1479
170 85
173 286
174 418
174 456
179 494
179 563
180 502
186 569
187 337
188 399
192 1348
194 1341
200 1121
201 826
219 268
219 1330
224 20
231 240
238 767
246 148
255 507
260 1102
263 705
266 152
266 224
268 274
268 572
269 1293
272 535
283 927
289 853
292 1343
294 968
298 322
298 1209
303 445
305 646
306 1430
309 707
310 147
311 713
312 1391
313 860
318 1452
323 779
326 778
332 1232
339 472
340 1261
341 1413
343 998
344 1057
349 917
353 312
353 1095
357 1104
358 416
360 1348
361 1204
364 188
369 830
369 850
371 800
373 1342
382 777
384 769
385 500
386 1025
392 396
392 507
392 668
394 654
396 60
396 149
396 318
402 1427
407 147
411 636
417 701
420 1109
421 344
426 290
430 760
431 1191
432 878
436 544
436 835
438 257
438 856
438 1313
451 217
454 1327
456 609
456 1193
463 227
467 912
467 978
468 257
468 1320
470 1187
476 221
477 167
478 543
478 1059
479 40
479 1093
491 1334
492 466
496 1221
498 414
500 1163
502 396
505 629
506 1267
507 564
515 561
517 205
519 196
520 1322
530 532
531 683
537 185
537 853
549 429
553 1171
553 1448
555 1043
556 1370
561 1140
565 16
569 230
569 1320
573 179
578 353
580 626
583 1039
585 1293
596 1449
599 376
599 1052
603 1208
610 1426
611 254
616 1487
624 1303
627 174
627 1014
628 228
630 132
631 1068
638 531
638 1281
640 912
641 636
646 38
653 642
658 459
659 1113
668 102
672 1446
674 855
675 1233
683 67
686 575
687 76
695 1098
700 1354
703 1121
709 542
712 415
712 939
715 485
716 85
728 297
728 606
730 626
733 837
738 306
738 864
745 62
749 359
754 806
758 313
763 218
764 716
769 1149
771 725
772 1371
782 1051
783 113
783 774
786 186
790 559
791 1113
799 1179
802 321
809 750
817 877
820 502
825 94
826 1339
842 261
842 659
846 1027
853 881
868 66
874 1304
877 960
879 613
879 1372
885 1377
887 738
887 1204
889 996
891 844
894 734
899 966
901 950
908 788
908 1207
917 146
920 1047
922 1312
932 319
946 439
949 665
964 551
968 779
970 184
971 1033
972 229
972 258
972 269
974 881
978 76
978 783
981 1022
982 392
983 257
985 1027
986 365
987 873
990 496
991 267
992 1055
996 598
999 58